464
255
112
108
167
417
523
18
138
93
547
46
20
67
344
149
271
94
82
16
505
2
486
491
260
137
503
241
467
123
462
436
439
449
447
54
520
194
218
244
487
252
42
142
265
43
375
139
356
500
5
297
86
490
562
254
60
239
220
514
563
427
448
124
312
441
26
305
225
3
304
580
519
145
539
195
185
78
468
433
293
426
210
263
526
163
179
566
422
553
214
212
294
256
131
319
127
299
354
292
234
130
459
211
91
506
366
328
158
358
6
273
274
406
21
249
251
230
71
52
397
12
437
208
115
8
482
415
534
219
543
231
321
36
581
383
268
286
402
51
550
150
499
522
31
217
435
565
456
243
510
148
393
316
213
570
483
109
475
574
507
443
540
531
58
301
315
494
250
374
186
572
95
90
300
146
492
164
59
346
103
229
9
204
524
264
476
129
81
424
72
386
169
484
134
352
473
444
430
557
306
559
64
120
35
298
324
489
240
30
70
405
556
190
496
176
544
73
331
538
287
511
267
541
13
333
276
275
555
253
111
477
69
309
361
25
461
38
14
182
68
317
101
579
47
132
325
178
450
412
247
542
32
493
408
165
282
327
340
517
215
334
122
472
100
34
560
222
283
382
77
181
363
387
125
237
313
144
172
577
49
432
336
509
338
281
569
440
508
362
55
302
345
48
296
454
84
320
184
322
187
561
290
235
396
480
121
498
295
403
445
423
28
416
359
152
323
410
310
535
98
399
57
107
429
279
257
116
414
551
341
474
367
419
171
202
451
332
183
198
65
536
11
113
61
89
106
80
270
27
117
0
355
471
63
206
166
151
458
141
582
40
180
330
515
285
87
377
147
223
453
455
189
97
226
153
342
173
259
527
337
269
368
74
161
216
394
389
532
360
395
224
554
420
308
378
136
446
233
92
347
469
567
228
357
262
303
370